parameter capacity(i,j) /
101. 1   999999
101. 3   999999
101. 12  999999
101. 13  999999
101. 24  999999
102. 1   999999
102. 3   999999
102. 12  999999
102. 13  999999
102. 24  999999
103. 1   999999
103. 3   999999
103. 12  999999
103. 13  999999
103. 24  999999
104. 1   999999
104. 3   999999
104. 12  999999
104. 13  999999
104. 24  999999
105. 1   999999
105. 3   999999
105. 12  999999
105. 13  999999
105. 24  999999
6. 401   999999
7. 401   999999
18. 401  999999
19. 401  999999
20. 401  999999
6. 402   999999
7. 402   999999
18. 402  999999
19. 402  999999
20. 402  999999
6. 403   999999
7. 403   999999
18. 403  999999
19. 403  999999
20. 403  999999
6. 404   999999
7. 404   999999
18. 404  999999
19. 404  999999
20. 404  999999
6. 405   999999
7. 405   999999
18. 405  999999
19. 405  999999
20. 405  999999
1. 2	12950.10032
1. 3	11701.7366
2. 1	12950.10032
2. 6	2479.090464
3. 1	11701.7366
3. 4	8555.26186
3. 12	11701.7366
4. 3	8555.26186
4. 5	8891.39705
4. 11	2454.413365
5. 4	8891.39705
5. 6	2473.997735
5. 9	5000
6. 2	2479.090464
6. 5	2473.997735
6. 8	2449.293823
7. 8	3920.905655
7. 18	11701.7366
8. 6	2449.293823
8. 7	3920.905655
8. 9	2525.096578
8. 16	2522.911292
9. 5	5000
9. 8	2525.096578
9. 10	6957.89421
10. 9	6957.89421
10. 11	5000
10. 15	6756.000775
10. 16	2427.458859
10. 17	2496.755347
11. 4	2454.413365
11. 10	5000
11. 12	2454.413365
11. 14	2438.254144
12. 3	11701.7366
12. 11	2454.413365
12. 13	12950.10032
13. 12	12950.10032
13. 24	2545.628076
14. 11	2438.254144
14. 15	2563.76306
14. 23	2462.395303
15. 10	6756.000775
15. 14	2563.76306
15. 19	7282.376575
15. 22	4799.590283
16. 8	2522.911292
16. 10	2427.458859
16. 17	2614.955032
16. 18	9839.948355
17. 10	2496.755347
17. 16	2614.955032
17. 19	2411.975416
18. 7	11701.7366
18. 16	9839.948355
18. 20	11701.7366
19. 15	7282.376575
19. 17	2411.975416
19. 20	2501.303782
20. 18	11701.7366
20. 19	2501.303782
20. 21	2529.95617
20. 22	2537.848596
21. 20	2529.95617
21. 22	2614.955032
21. 24	2442.678782
22. 15	4799.590283
22. 20	2537.848596
22. 21	2614.955032
22. 23	2500
23. 14	2462.395303
23. 22	2500
23. 24	2539.254218
24. 13	2545.628076
24. 21	2442.678782
24. 23	2539.254218
/;